NUMANGS:  1
NSTR:  0
  LAY  BAND  WVN1    WVN2     ICE OD       LIQ OD      TOT ABS OD   TOT ABS OD 
                                                                     BY BLOCK  
   11    1    10.0   350.0  0.00000E+00  0.14593E+02  0.14593E+02  0.14593E+02
   11    2   350.0   500.0  0.00000E+00  0.20593E+02  0.20593E+02  0.20593E+02
   11    3   500.0   630.0  0.00000E+00  0.20738E+02  0.20738E+02  0.20738E+02
   11    4   630.0   700.0  0.00000E+00  0.19657E+02  0.19657E+02  0.19657E+02
   11    5   700.0   820.0  0.00000E+00  0.18325E+02  0.18325E+02  0.18325E+02
   11    6   820.0   980.0  0.00000E+00  0.13510E+02  0.13510E+02  0.13510E+02
   11    7   980.0  1080.0  0.00000E+00  0.11558E+02  0.11558E+02  0.11558E+02
   11    8  1080.0  1180.0  0.00000E+00  0.10878E+02  0.10878E+02  0.10878E+02
   11    9  1180.0  1390.0  0.00000E+00  0.11057E+02  0.11057E+02  0.11057E+02
   11   10  1390.0  1480.0  0.00000E+00  0.12085E+02  0.12085E+02  0.12085E+02
   11   11  1480.0  1800.0  0.00000E+00  0.15555E+02  0.15555E+02  0.15555E+02
   11   12  1800.0  2080.0  0.00000E+00  0.72944E+01  0.72944E+01  0.72944E+01
   11   13  2080.0  2250.0  0.00000E+00  0.82793E+01  0.82793E+01  0.82793E+01
   11   14  2250.0  2380.0  0.00000E+00  0.68482E+01  0.68482E+01  0.68482E+01
   11   15  2380.0  2600.0  0.00000E+00  0.45161E+01  0.45161E+01  0.45161E+01
   11   16  2600.0  3250.0  0.00000E+00  0.89608E+01  0.89608E+01  0.89608E+01
