 Wavenumbers:   10.0 - 3250.0 cm-1, ATM      1
 LEVEL    PRESSURE   UPWARD FLUX   DOWNWARD FLUX    NET FLUX       HEATING RATE
             mb          W/m2          W/m2           W/m2          degree/day
  71        0.1837     254.2194        0.0000       254.2193707            0.00000
  70        0.2471     254.2464        0.1663       254.0801733          -18.51327
  69        0.3276     254.2696        0.2908       253.9788383          -10.61353
  68        0.4270     254.2887        0.4219       253.8667904           -9.50308
  67        0.5567     254.3012        0.5782       253.7229851           -9.35649
  66        0.7237     254.2920        0.7759       253.5161105          -10.44534
  65        0.9302     254.2562        1.0061       253.2500341          -10.86638
  64        1.196      254.1956        1.2844       252.9111810          -10.76633
  63        1.536      254.0818        1.6228       252.4590456          -11.20134
  62        1.971      253.9239        1.9815       251.9423670          -10.01207
  61        2.530      253.7391        2.3638       251.3752867           -8.56262
  60        3.281      253.5220        2.7671       250.7549167           -6.96228
  59        4.263      253.2750        3.2007       250.0743645           -5.84972
  58        5.577      253.0005        3.6995       249.3009654           -4.96057
  57        7.319      252.7048        4.2980       248.4067661           -4.32964
  56        9.683      252.4011        5.0006       247.4004989           -3.59063
  55       12.89       252.1101        5.8029       246.3072263           -2.87108
  54       17.25       251.8566        6.7201       245.1365060           -2.26450
  53       23.21       251.6931        7.8052       243.8878543           -1.76742
  52       31.37       251.6314        9.1292       242.5021604           -1.43228
  51       42.54       251.6699       10.6660       241.0039327           -1.13185
  50       57.98       251.8564       12.3517       239.5046275           -0.81889
  49       79.15       252.2817       14.0839       238.1977856           -0.52047
  48      108.5        253.1305       15.9232       237.2073380           -0.28417
  47      196.8        258.2664       23.2283       235.0381710           -0.20737
  46      204.2        258.9932       24.5889       234.4043343           -0.72083
  45      211.9        259.7518       26.2234       233.5284060           -0.95997
  44      219.9        260.5650       28.1298       232.4351684           -1.15462
  43      228.1        261.4551       30.3572       231.0979199           -1.37261
  42      236.6        262.4124       32.9285       229.4838201           -1.60528
  41      245.4        263.4368       35.8392       227.5976344           -1.80864
  40      254.5        264.5406       39.0888       225.4517971           -1.98768
  39      263.7        265.7174       42.5780       223.1394910           -2.11001
  38      273.3        266.9733       46.2776       220.6957648           -2.15178
  37      283.2        268.3188       50.2058       218.1130102           -2.19449
  36      293.3        269.7586       54.3277       215.4309040           -2.25055
  35      303.5        271.2726       58.5114       212.7612436           -2.18895
  34      314.2        272.8615       62.7803       210.0811653           -2.12303
  33      325.2        274.5347       67.1592       207.3754929           -2.07614
  32      336.5        276.2906       71.6503       204.6402745           -2.03863
  31      348.2        278.1238       76.2569       201.8668236           -1.99762
  30      360.3        280.0361       80.9986       199.0375121           -1.97990
  29      372.4        282.0229       85.8584       196.1645023           -1.99683
  28      384.9        284.0878       90.8408       193.2469665           -1.96170
  27      397.9        286.2330       95.9723       190.2607098           -1.94524
  26      411.1        288.4598      101.2634       187.1963679           -1.96179
  25      424.7        290.7646      106.7172       184.0473353           -1.95140
  24      438.7        293.1358      112.3382       180.7976531           -1.95291
  23      453.0        295.5658      118.1024       177.4634430           -1.96557
  22      467.8        298.0660      124.0250       174.0409926           -1.95388
  21      483.0        300.6226      130.1151       170.5075612           -1.96033
  20      498.6        303.2363      136.3861       166.8501485           -1.98200
  19      514.6        305.9137      142.8588       163.0549359           -1.99247
  18      530.9        308.6198      149.5312       159.0886048           -2.04793
  17      547.6        311.3754      156.4037       154.9716169           -2.08291
  16      564.8        314.1821      163.5057       150.6763986           -2.10693
  15      582.4        317.0318      170.8609       146.1709306           -2.15973
  14      600.5        319.8949      178.4915       141.4033902           -2.21708
  13      619.0        322.7185      186.3759       136.3426455           -2.30745
  12      637.9        325.4123      194.4821       130.9301369           -2.42560
  11      657.2        327.6390      202.8048       124.8342292           -2.65204
  10      762.0        386.3614      360.2191        26.1423220           -7.94741
   9      784.5        390.4608      363.0530        27.4078531            0.47322
   8      807.5        394.5641      366.6525        27.9116413            0.18482
   7      831.0        398.6668      370.6458        28.0209738            0.03931
   6      855.0        402.6476      374.8383        27.8092574           -0.07430
   5      879.7        406.5837      379.1559        27.4277354           -0.13049
   4      905.1        410.4957      383.6796        26.8160791           -0.20287
   3      931.4        414.4092      388.4613        25.9478620           -0.27877
   2      958.6        418.2727      393.5513        24.7214115           -0.38030
   1      985.9        421.9402      398.9387        23.0014983           -0.53098
   0     1013.2        424.8539      404.5560        20.2979590           -0.83307

  Modules and versions used in this calculation:

                rrtm.f:  $Revision: 3.6 $                     rrtatm.f:  $Revision: 9.4 $  
                 rtr.f:  NOT USED                             rtrcld.f:  NOT USED          
               rtreg.f:  NOT USED                           rtregcld.f:  $Revision: 3.4 $  
            rtrcldmr.f:  NOT USED                         rtregcldmr.f:  NOT USED          
             setcoef.f:  $Revision: 3.4 $                    cldprop.f:  $Revision: 3.3 $  
       util_gfortran.f:  $Revision: 7.1 $                     taumol.f:  $Revision: 3.6 $  
              rtrdis.f:  NOT USED                             disort.f:  NOT USED          
               extra.f:  NOT USED                            ErrPack.f:  NOT USED          
              LINPAK.f:  NOT USED                           RDI1MACH.f:  NOT USED          
              k_gB01.f:  $Revision: 3.2 $                     k_gB02.f:  $Revision: 3.2 $  
              k_gB03.f:  $Revision: 3.2 $                     k_gB04.f:  $Revision: 3.2 $  
              k_gB05.f:  $Revision: 3.3 $                     k_gB06.f:  $Revision: 3.2 $  
              k_gB07.f:  $Revision: 3.2 $                     k_gB08.f:  $Revision: 3.2 $  
              k_gB09.f:  $Revision: 3.2 $                     k_gB10.f:  $Revision: 3.2 $  
              k_gB11.f:  $Revision: 3.2 $                     k_gB12.f:  $Revision: 3.4 $  
              k_gB13.f:  $Revision: 3.2 $                     k_gB14.f:  $Revision: 3.2 $  
              k_gB15.f:  $Revision: 3.3 $                     k_gB16.f:  $Revision: 3.3 $  

