023456789-123456789-223456789-323456789-423456789-523456789-623456789-723456789-823456789-923456789-
1D INTERCOMPARISON PROJECT - BARKER ET AL
$ EXTENDED STANDARD CLEAR TROPICAL ATMOSPHERE CHANNEL11
                   0                             1                                0 1   00    1   10
              0    60.000
           2  00.8810.7940.7380.7270.6570.6600.6260.6550.7910.8830.9570.9580.9580.970
    2    2   72    1    1    7    0 0  0     0.000     0.000             360.000    45.000
    0.0000   62.0000    0.0000
     0.000     0.240     0.480     0.720     0.960     1.200     1.440     1.680
     1.920     2.160     2.400     3.600     3.840     4.080     4.320     4.560
     4.800     5.040     5.280     5.520     5.760     6.000     6.240     6.480
     6.720     6.960     7.200     7.440     7.680     7.920     8.160     8.400
     8.640     8.880     9.120     9.360     9.600     9.840    10.080    10.320
    10.560    10.800    11.040    11.280    11.520    11.760    12.000    12.240
    16.000    18.000    20.000    22.000    24.000    26.000    28.000    30.000
    32.000    34.000    36.000    38.000    40.000    42.000    44.000    46.000
    48.000    50.000    52.000    54.000    56.000    58.000    60.000    62.000
%
