  LAY BND  WVN1    WVN2    TAUICE       TAULIQ       TAUTOT       CUMTAU       SSAICE       SSALIQ       GICE         GLIQ         
   11  16  2600.0  3250.0  0.00000E+00  0.17163E+01  0.17163E+01  0.17163E+01  0.00000E+00  0.67081E+00  0.00000E+00  0.87111E+00
   11  17  3250.0  4000.0  0.00000E+00  0.16914E+01  0.16914E+01  0.16914E+01  0.00000E+00  0.70578E+00  0.00000E+00  0.89938E+00
   11  18  4000.0  4650.0  0.00000E+00  0.16773E+01  0.16773E+01  0.16773E+01  0.00000E+00  0.94459E+00  0.00000E+00  0.85031E+00
   11  19  4650.0  5150.0  0.00000E+00  0.16676E+01  0.16676E+01  0.16676E+01  0.00000E+00  0.98945E+00  0.00000E+00  0.84572E+00
   11  20  5150.0  6150.0  0.00000E+00  0.16560E+01  0.16560E+01  0.16560E+01  0.00000E+00  0.98865E+00  0.00000E+00  0.85112E+00
   11  21  6150.0  7700.0  0.00000E+00  0.16355E+01  0.16355E+01  0.16355E+01  0.00000E+00  0.99496E+00  0.00000E+00  0.85196E+00
   11  22  7700.0  8050.0  0.00000E+00  0.16238E+01  0.16238E+01  0.16238E+01  0.00000E+00  0.99763E+00  0.00000E+00  0.85126E+00
   11  23  8050.0 12850.0  0.00000E+00  0.16026E+01  0.16026E+01  0.16026E+01  0.00000E+00  0.99965E+00  0.00000E+00  0.85330E+00
   11  24 12850.0 16000.0  0.00000E+00  0.15820E+01  0.15820E+01  0.15820E+01  0.00000E+00  0.99999E+00  0.00000E+00  0.85935E+00
   11  25 16000.0 22650.0  0.00000E+00  0.15683E+01  0.15683E+01  0.15683E+01  0.00000E+00  0.10000E+01  0.00000E+00  0.86376E+00
   11  26 22650.0 29000.0  0.00000E+00  0.15567E+01  0.15567E+01  0.15567E+01  0.00000E+00  0.10000E+01  0.00000E+00  0.86551E+00
   11  27 29000.0 38000.0  0.00000E+00  0.15503E+01  0.15503E+01  0.15503E+01  0.00000E+00  0.99999E+00  0.00000E+00  0.86711E+00
   11  28 38000.0 50000.0  0.00000E+00  0.15502E+01  0.15502E+01  0.15502E+01  0.00000E+00  0.99999E+00  0.00000E+00  0.86656E+00
   11  29   820.0  2600.0  0.00000E+00  0.18990E+01  0.18990E+01  0.18990E+01  0.00000E+00  0.73487E+00  0.00000E+00  0.84504E+00
