
 The downwelling direct and diffuse fluxes have been computed using the delta-M scaling approximation.
 Wavenumbers:   820. - 50000. cm-1
 LEVEL PRESSURE   UPWARD FLUX   DIFDOWN FLUX  DIRDOWN FLUX  DOWNWARD FLUX   NET FLUX    HEATING RATE
          mb          W/m2          W/m2          W/m2          W/m2          W/m2       degree/day
  71    0.2079      211.9766        0.0000      684.1111      684.1111     472.134481       0.00000
  70    0.2720      211.9741        0.0073      683.9517      683.9590     471.984848      19.71357
  69    0.3511      211.9712        0.0165      683.7547      683.7712     471.799973      19.71748
  68    0.4533      211.9678        0.0280      683.4939      683.5219     471.554068      20.31618
  67    0.5822      211.9640        0.0423      683.1457      683.1881     471.224067      21.59847
  66    0.7441      211.9599        0.0601      682.6736      682.7337     470.773752      23.47473
  65    0.9510      211.9560        0.0821      682.0491      682.1313     470.175266      24.41124
  64     1.214      211.9528        0.1095      681.2560      681.3655     469.412656      24.49935
  63     1.554      211.9515        0.1437      680.2936      680.4373     468.485749      22.96337
  62     1.996      211.9545        0.1872      679.1794      679.3667     467.412172      20.52300
  61     2.571      211.9660        0.2432      677.9510      678.1942     466.228153      17.37101
  60     3.330      211.9927        0.3160      676.6226      676.9386     464.945839      14.25773
  59     4.342      212.0416        0.4112      675.1868      675.5980     463.556350      11.58545
  58     5.691      212.1186        0.5368      673.6405      674.1773     462.058687       9.37303
  57     7.515      212.2251        0.7038      671.9849      672.6887     460.463599       7.37736
  56     9.975      212.3569        0.9281      670.2038      671.1319     458.774952       5.79411
  55     13.20      212.5088        1.2282      668.2596      669.4878     456.978923       4.69941
  54     17.72      212.6794        1.6316      666.0747      667.7063     455.026865       3.64686
  53     23.86      212.8628        2.1762      663.5687      665.7448     452.882055       2.94770
  52     32.20      213.0270        2.9103      660.7222      663.6325     450.605502       2.30296
  51     43.70      213.0958        3.9045      657.5545      661.4590     448.363150       1.64552
  50     59.50      213.0198        5.2481      653.9153      659.1634     446.143582       1.18552
  49     81.20      212.6803        7.0667      649.7171      656.7839     444.103546       0.79337
  48     111.0      211.9585        9.5154      644.7298      654.2451     442.286641       0.51453
  47     201.4      209.3826       16.3676      631.0796      647.4473     438.064689       0.39426
  46     209.0      209.1477       16.9159      629.8656      646.7815     437.633836       0.47657
  45     216.7      208.9042       17.4761      628.5712      646.0473     437.143102       0.53792
  44     224.7      208.6523       18.0480      627.1827      645.2307     436.578458       0.59694
  43     233.0      208.3918       18.6318      625.6863      644.3182     435.926393       0.66487
  42     241.5      208.1226       19.2277      624.0626      643.2904     435.167780       0.74603
  41     250.2      207.8445       19.8356      622.3063      642.1418     434.297326       0.85164
  40     259.0      207.5573       20.4550      620.4230      640.8780     433.320728       0.92840
  39     268.2      207.2610       21.0862      618.3994      639.4855     432.224519       1.00640
  38     277.8      206.9557       21.7291      616.2168      637.9459     430.990166       1.09439
  37     287.5      206.6415       22.3837      613.8902      636.2739     429.632447       1.17849
  36     297.5      206.3186       23.0498      611.4984      634.5482     428.229600       1.18461
  35     307.8      205.9868       23.7273      609.0443      632.7716     426.784760       1.17909
  34     318.5      205.6462       24.4163      606.5240      630.9403     425.294140       1.17558
  33     329.4      205.2968       25.1167      603.9341      629.0508     423.754007       1.19186
  32     340.5      204.9386       25.8279      601.2849      627.1129     422.174235       1.20050
  31     352.0      204.5718       26.5500      598.5706      625.1206     420.548763       1.19495
  30     363.9      204.1965       27.2828      595.7821      623.0650     418.868512       1.19493
  29     376.1      203.8127       28.0264      592.9113      620.9377     417.124962       1.20722
  28     388.5      203.4212       28.7801      589.9508      618.7309     415.309749       1.23195
  27     401.3      203.0222       29.5440      586.8930      616.4370     413.414757       1.24493
  26     414.6      202.6164       30.3178      583.7328      614.0505     411.434118       1.25955
  25     428.3      202.2043       31.1014      580.4692      611.5707     409.366312       1.27563
  24     442.3      201.7864       31.8946      577.1198      609.0145     407.228077       1.29085
  23     456.7      201.3631       32.6972      573.6924      606.3896     405.026473       1.28710
  22     471.6      200.9354       33.5090      570.1848      603.6938     402.758388       1.28405
  21     487.0      200.5045       34.3298      566.5925      600.9223     400.417850       1.28319
  20     502.3      200.0722       35.1590      562.9123      598.0713     397.999097       1.33401
  19     518.1      199.6407       35.9962      559.1459      595.1420     395.501299       1.33564
  18     534.4      199.2123       36.8410      555.2924      592.1334     392.921103       1.33767
  17     551.2      198.7897       37.6932      551.3521      589.0452     390.255540       1.33983
  16     568.1      198.3789       38.5521      547.2981      585.8501     387.471274       1.38900
  15     585.4      197.9899       39.4166      543.0813      582.4979     384.507987       1.44111
  14     603.3      197.6331       40.2863      538.6978      578.9841     381.351018       1.48979
  13     621.7      197.3228       41.1608      534.1520      575.3128     377.989954       1.53909
  12     640.5      197.0791       42.0395      529.4628      571.5023     374.423157       1.60788
  11     659.6      196.9355       42.9219      524.6807      567.6026     370.667111       1.65571
  10     763.8       87.7670      377.5955       52.5638      430.1593     342.392289       2.28882
   9     786.5       87.1311      374.6543       52.0065      426.6608     339.529690       1.06578
   8     809.6       86.5088      371.6510       51.4335      423.0845     336.575715       1.08113
   7     832.7       85.9015      368.6052       50.8519      419.4570     333.555506       1.10069
   6     856.5       85.3141      365.5132       50.2632      415.7764     330.462321       1.09594
   5     881.0       84.7543      362.3647       49.6669      412.0316     327.277347       1.09709
   4     906.2       84.2324      359.1564       49.0636      408.2200     323.987619       1.10396
   3     931.8       83.7606      355.9015       48.4562      404.3577     320.597191       1.11785
   2     958.1       83.3578      352.6052       47.8462      400.4514     317.093614       1.12342
   1     985.2       83.0573      349.2637       47.2337      396.4974     313.440057       1.13933
   0     1013.       82.9280      345.8729       46.6183      392.4912     309.563197       1.17576

  Modules and versions used in this calculation:

                rrtm.f:  $Revision: 2.10 $                    rrtatm.f:  $Revision: 5.14 $ 
             setcoef.f:  $Revision: 2.6 $                  taumoldis.f:  $Revision: 2.5 $  
       util_gfortran.f:  $Revision: 7.1 $                    cldprop.f:  $Revision: 2.7 $  
              rtrdis.f:  $Revision: 2.6 $                     disort.f:  $Revision: 2.4 $  
            RDI1MACH.f:  NOT USED                            ErrPack.f:  NOT USED          
              LINPAK.f:  $Revision: 2.3 $                      extra.f:  NOT USED          
             k_gb16.f:   $Revision: 2.4 $                    k_gb17.f:   $Revision: 2.3 $  
             k_gb18.f:   $Revision: 2.3 $                    k_gb19.f:   $Revision: 2.3 $  
             k_gb20.f:   $Revision: 2.3 $                    k_gb21.f:   $Revision: 2.3 $  
             k_gb22.f:   $Revision: 2.3 $                    k_gb23.f:   $Revision: 2.3 $  
             k_gb24.f:   $Revision: 2.3 $                    k_gb25.f:   $Revision: 2.3 $  
                                                             k_gb27.f:   $Revision: 2.3 $  
             k_gb28.f:   $Revision: 2.3 $                    k_gb29.f:   $Revision: 2.3 $  

